2000
492
89
596
55
906
803
261
590
632
361
750
784
468
789
238
820
255
637
569
351
343
360
526
440
61
986
3
118
760
374
853
413
818
231
705
226
471
260
611
719
348
551
923
805
757
436
996
934
437
63
940
777
801
16
971
714
467
246
301
578
525
497
438
743
602
635
622
807
333
376
568
876
428
480
863
751
213
648
44
584
796
330
692
283
213
903
738
572
989
96
180
198
150
644
644
471
281
686
255
538
239
41
219
882
593
698
607
805
92
555
423
13
64
72
981
407
317
631
754
262
434
334
11
662
712
58
84
311
534
718
326
358
472
156
759
582
925
939
467
612
752
46
125
358
623
196
26
576
251
286
88
391
490
991
477
258
405
756
766
683
402
26
793
225
541
236
977
496
94
277
997
135
928
887
218
377
693
474
481
870
4
604
70
595
736
614
827
273
407
960
739
775
930
604
517
159
414
942
559
648
185
637
782
162
637
75
423
294
216
392
428
544
853
528
494
316
203
647
426
663
705
127
504
139
371
48
373
730
770
427
870
79
197
543
319
957
534
684
899
164
911
738
170
772
664
965
821
843
818
218
466
201
876
395
142
673
987
309
358
846
486
779
695
769
788
620
527
284
475
780
89
985
139
725
110
779
599
60
848
167
286
21
219
701
353
440
750
230
207
835
523
960
801
239
489
846
110
779
387
269
139
129
894
983
939
126
958
121
210
578
77
372
903
990
491
979
469
810
49
684
942
174
113
822
783
303
613
193
330
463
877
239
813
246
581
479
680
941
152
381
145
225
910
50
468
437
708
372
453
527
764
841
593
355
259
727
221
440
406
231
554
585
128
30
782
687
375
112
623
978
101
201
396
139
784
846
438
258
257
525
518
914
552
481
811
737
482
501
862
507
331
761
124
235
487
761
870
328
357
549
184
385
694
262
131
263
20
123
412
418
734
397
68
785
333
940
42
456
187
263
857
729
252
454
553
66
889
731
854
990
421
859
171
74
176
929
298
78
75
311
882
768
486
437
89
582
959
993
675
295
678
568
949
304
242
853
52
7
23
100
833
782
555
184
723
251
656
606
18
215
694
384
867
47
612
574
834
604
62
518
399
876
684
324
919
22
833
869
379
17
923
953
507
190
682
966
267
979
153
101
97
883
568
946
566
464
596
717
793
963
406
992
979
775
523
310
525
83
245
731
607
44
208
979
105
594
620
446
293
303
977
977
722
313
649
125
934
554
855
944
996
38
348
987
480
328
836
181
677
442
325
587
117
866
615
361
574
489
169
124
922
724
641
186
673
173
503
250
944
496
711
17
799
517
562
408
387
844
786
447
380
151
352
796
586
478
603
997
943
216
944
368
90
977
904
437
161
151
778
995
776
919
266
213
931
61
756
908
108
386
203
302
379
250
463
919
780
292
544
806
598
834
629
691
114
264
691
234
582
393
188
818
581
727
512
77
999
830
976
881
338
28
300
709
811
29
519
964
447
642
688
9
996
556
579
847
965
605
380
89
64
286
566
832
891
554
544
306
463
870
578
664
409
787
450
4
502
335
121
559
475
266
467
89
872
908
443
589
242
231
97
666
40
644
936
867
888
798
329
684
190
97
545
292
466
147
57
477
994
340
174
659
395
50
710
448
501
351
669
445
82
353
410
273
358
801
100
274
81
241
21
988
700
308
511
508
996
850
509
423
859
607
418
702
140
785
623
550
76
724
58
565
472
41
755
849
755
187
265
170
943
463
517
829
989
462
885
551
791
714
949
843
110
101
292
33
151
418
104
126
629
623
653
540
649
265
582
315
813
50
917
803
580
133
183
178
419
940
798
14
917
958
758
91
30
736
639
596
922
377
5
227
233
581
35
640
896
857
703
586
487
220
964
995
257
820
735
725
345
829
752
567
833
141
978
615
176
633
503
242
356
125
578
398
953
847
990
627
706
924
596
641
183
868
602
314
483
91
661
131
377
320
734
415
845
21
469
404
525
143
212
169
120
691
369
327
713
472
291
745
394
618
101
505
551
592
715
772
283
96
711
678
906
144
30
922
186
116
863
274
947
912
266
705
647
25
956
975
437
636
97
631
932
912
780
952
181
796
174
142
969
78
176
479
48
952
792
959
969
912
312
15
871
174
793
94
651
604
982
950
373
661
349
316
232
563
749
261
825
345
791
509
525
594
119
18
323
618
674
851
544
256
566
809
284
356
707
196
175
949
442
177
325
439
779
7
548
39
594
998
729
574
362
187
92
554
803
169
257
304
816
210
642
680
834
709
61
279
761
902
829
315
291
498
622
93
968
36
787
803
126
564
713
598
800
627
517
960
648
399
112
387
394
476
171
569
277
52
222
554
975
649
975
397
346
629
864
662
93
851
75
372
932
150
895
76
712
265
703
191
101
215
720
782
16
716
135
848
701
614
5
119
895
878
431
806
214
138
179
560
992
720
95
82
178
908
300
735
630
788
982
62
692
829
610
794
796
583
149
873
625
314
313
664
861
727
878
313
166
314
824
292
9
849
844
335
675
988
661
923
218
824
823
784
127
854
711
265
127
279
334
806
260
917
267
926
523
174
91
92
227
938
687
3
987
408
182
721
494
617
26
526
491
354
192
446
41
761
71
758
691
562
958
382
632
75
723
530
732
809
193
214
743
818
533
922
562
730
692
318
608
1
94
832
811
432
168
582
958
234
661
488
26
718
855
893
81
818
615
122
116
414
277
85
96
408
957
983
68
154
542
575
641
729
731
833
968
705
244
561
728
354
984
462
443
123
613
896
661
619
100
539
465
963
828
633
725
448
955
175
234
298
780
279
980
6
291
118
212
537
144
714
732
813
376
334
438
932
654
626
187
516
483
88
259
856
142
148
958
160
908
752
141
751
46
210
34
871
67
711
525
528
993
974
595
290
641
254
629
663
998
194
409
215
689
968
334
177
665
654
558
510
598
79
255
21
506
940
883
171
297
308
300
35
629
563
700
6
363
665
930
633
320
157
912
608
378
15
616
746
299
584
347
533
353
914
583
887
925
817
751
210
295
918
74
448
681
58
954
362
786
813
444
987
197
688
724
770
133
534
948
332
140
871
789
774
717
754
533
772
509
894
805
435
612
716
761
293
869
964
716
269
635
9
394
692
924
257
382
367
731
108
793
875
903
712
112
997
354
656
428
13
832
488
343
50
130
92
117
803
448
528
734
186
760
407
535
931
479
710
468
981
417
592
154
152
383
234
439
503
206
45
782
923
940
260
20
692
919
356
248
828
898
73
850
405
330
780
447
816
887
472
171
126
723
600
777
463
308
473
711
296
132
847
232
554
202
983
886
235
529
728
873
629
158
664
66
605
244
21
533
719
745
713
896
712
561
20
104
738
803
641
572
229
987
940
969
375
952
614
250
1
815
112
154
384
419
592
388
547
518
269
40
292
932
610
844
912
374
682
534
417
986
342
501
283
234
867
656
824
466
821
303
811
571
811
633
505
648
523
854
924
972
60
756
604
838
137
551
738
231
370
6
262
480
933
628
643
710
768
32
849
739
43
92
915
231
875
973
168
240
235
620
89
944
993
224
448
680
527
388
856
397
258
379
645
367
921
49
661
694
435
27
169
14
355
751
452
215
745
503
411
263
61
266
697
782
114
377
511
723
36
49
612
745
508
563
355
47
984
436
752
858
233
616
131
145
806
136
104
184
650
785
835
100
274
549
295
92
196
532
900
50
595
939
816
437
533
904
778
816
322
213
393
874
13
136
349
783
657
445
821
130
965
311
178
598
806
494
156
396
844
911
29
993
598
779
536
659
488
968
379
196
206
221
340
130
791
708
607
550
103
971
294
698
402
37
188
893
888
978
25
620
317
612
275
268
199
293
242
774
483
663
908
915
443
782
608
299
173
839
418
337
79
371
564
310
912
960
203
623
324
238
523
231
71
781
298
395
892
486
763
493
822
976
493
632
694
556
286
393
101
647
569
235
875
465
132
654
178
804
980
440
92
657
439
778
750
924
932
361
581
402
150
203
339
637
256
479
974
102
366
816
262
180
657
998
549
403
499
349
610
215
9
191
182
356
783
641
570
674
68
201
243
1
981
210
780
723
442
850
46
274
5
71
416
584
845
195
310
924
95
389
987
845
455
174
449
767
301
344
370
980
370
446
507
622
211
895
342
965
821
659
572
670
347
621
957
26
124
557
897
74
6
160
185
968
361
440
169
82
989
291
572
448
374
716
193
469
814
603
64
490
71
305
599
299
530
922
923
197
984
309
522
11
572
219
293
820
842
987
50
321
663
318
100
316
808
623
762
734
684
777
48
780
314
664
874
579
257
292
907
423
441
192
72
835
145
301
922
285
687
684
964
580
62
564
596
725
407
219
212
730
268
115
350
805
220
62
307
732
392
782
505
131
303
840
488
970
603
528
482
286
247
20
665
124
522
184
486
508
257
633
433
925
744
633
442
817
847
643
244
481
929
733
594
99
112
401
269
260
868
350
990
483
936
86
364
441
698
313
827
916
845
56
738
123
473
371
433
155
368
318
531
968
429
960
195
377
865
